<?xml version="1.0" encoding="UTF-8" standalone="no"?>
<!DOCTYPE svg PUBLIC "-//W3C//DTD SVG 20010904//EN"
              "http://www.w3.org/TR/2001/REC-SVG-20010904/DTD/svg10.dtd">

<svg xmlns="http://www.w3.org/2000/svg"
     width="11.2899mm" height="11.2899mm"
     viewBox="0 0 40 40">
  <path id="Selection"
        fill="none" stroke="black" stroke-width="1"
        d="M 23.00,7.00
           C 23.00,7.00 25.00,7.00 25.00,7.00
             29.15,10.05 35.05,9.00 40.00,9.00
             40.00,9.00 40.00,11.00 40.00,11.00
             40.00,11.00 8.00,11.00 8.00,11.00
             8.00,11.00 8.00,9.00 8.00,9.00
             12.95,9.00 18.85,10.05 23.00,7.00 Z
           M 1.00,23.00
           C 0.10,17.96 -1.59,13.44 3.00,10.00
             6.98,14.84 10.74,16.22 17.00,14.46
             19.30,13.81 21.44,12.22 23.91,12.44
             27.28,12.74 38.11,19.55 39.39,23.00
             39.98,24.60 39.87,29.84 40.00,32.00
             40.00,32.00 18.00,33.00 18.00,33.00
             18.00,33.00 21.00,29.00 21.00,29.00
             21.00,29.00 10.00,21.08 10.00,21.08
             10.00,21.08 1.00,23.00 1.00,23.00 Z
           M 30.00,18.00
           C 28.70,23.44 32.72,23.85 37.00,24.00
             37.00,24.00 30.00,18.00 30.00,18.00 Z" />
</svg>
